clk	sysclk	processeur_ARO2/fetch/PC_pres_i	processeur_ARO2/fetch/Register(950,130)	processeur_ARO2/fetch/Register(950,270)	processeur_ARO2/fetch/Register(950,490)	processeur_ARO2/bank_registers/Register(1320,180)	processeur_ARO2/bank_registers/Register(1320,280)	processeur_ARO2/bank_registers/Register(1320,70)	processeur_ARO2/decode/Register(1080,100)	processeur_ARO2/decode/Register(1080,200)	processeur_ARO2/decode/Register(1090,300)	processeur_ARO2/decode/Register(1090,400)	processeur_ARO2/decode/Register(1260,1270)	processeur_ARO2/decode/Register(1260,1400)	processeur_ARO2/decode/Register(1260,940)	processeur_ARO2/decode/Register(1270,1500)	processeur_ARO2/decode/Register(1270,830)	processeur_ARO2/decode/Register(1280,720)	processeur_ARO2/decode/Register(1290,0)	processeur_ARO2/decode/Register(1290,510)	processeur_ARO2/decode/Register(1290,620)	processeur_ARO2/decode/Register(1300,360)	processeur_ARO2/execute/Register(1540,40)	processeur_ARO2/execute/Register(1550,350)	processeur_ARO2/execute/Register(1550,580)	processeur_ARO2/execute/Register(1550,700)	processeur_ARO2/execute/Register(1550,840)	processeur_ARO2/execute/Register(1550,980)	processeur_ARO2/execute/Register(1560,1100)	processeur_ARO2/execute/Register(1560,1210)	
noclk
0	0	0000000000000000	0000000000000000	0000000000000000	0	0000000000000000	0000000000000000	0000000000000000	000	00000	00000000000	00	00	00	0000000000000000	00	0	0000000	000	000000000000000	00000	00000000	0000000000000000	000	00	00000	0	0000000000000000	0000000000000000	0000000	
0	0	0000000000000000	0000000000000000	0000000000000000	0	0000000000000000	0000000000000000	0000000000000000	000	00000	00000000000	00	00	00	0000000000000000	00	0	0000000	000	000000000000000	00000	00000000	0000000000000000	000	00	00000	0	0000000000000000	0000000000000000	0000000	
0	1	0000000000000000	0000000000000000	0000000000000000	0	0000000000000000	0000000000000000	0000000000000000	000	00000	00000000000	00	00	00	0000000000000000	00	0	0000000	000	000000000000000	00000	00000000	0000000000000000	000	00	00000	0	0000000000000000	0000000000000000	0000000	
0	0	0000000000000000	0000000000000000	0000000000000000	0	0000000000000000	0000000000000000	0000000000000000	000	00000	00000000000	00	00	00	0000000000000000	00	0	0000000	000	000000000000000	00000	00000000	0000000000000000	000	00	00000	0	0000000000000000	0000000000000000	0000000	
0	1	0000000000000000	0000000000000000	0000000000000000	0	0000000000000000	0000000000000000	0000000000000000	000	00000	00000000000	00	00	00	0000000000000000	00	0	0000000	000	000000000000000	00000	00000000	0000000000000000	000	00	00000	0	0000000000000000	0000000000000000	0000000	
1	0	0000000000000010	0010000000111110	0000000000000010	0	0000000000000000	0000000000000000	0000000000000000	000	00000	00000000000	00	00	00	0000000000000000	00	0	0000000	000	000000000000000	00000	00000000	0000000000000000	000	00	00000	0	0000000000000000	0000000000000000	0000000	
1	1	0000000000000010	0010000000111110	0000000000000010	0	0000000000000000	0000000000000000	0000000000000000	000	00000	00000000000	00	00	00	0000000000000000	00	0	0000000	000	000000000000000	00000	00000000	0000000000000000	000	00	00000	0	0000000000000000	0000000000000000	0000000	
1	0	0000000000000010	0010000000111110	0000000000000010	0	0000000000000000	0000000000000000	0000000000000000	000	00000	00000000000	00	00	00	0000000000000000	00	0	0000000	000	000000000000000	00000	00000000	0000000000000000	000	00	00000	0	0000000000000000	0000000000000000	0000000	
1	1	0000000000000010	0010000000111110	0000000000000010	0	0000000000000000	0000000000000000	0000000000000000	000	00000	00000000000	00	00	00	0000000000000000	00	0	0000000	000	000000000000000	00000	00000000	0000000000000000	000	00	00000	0	0000000000000000	0000000000000000	0000000	
0	0	0000000000000010	0010000000111110	0000000000000010	0	0000000000000000	0000000000000000	0000000000000000	000	00000	00000000000	00	00	00	0000000000000000	00	0	0000000	000	000000000000000	00000	00000000	0000000000000000	000	00	00000	0	0000000000000000	0000000000000000	0000000	
0	1	0000000000000010	0010000000111110	0000000000000010	0	0000000000000000	0000000000000000	0000000000000000	000	00000	00000000000	00	00	00	0000000000000000	00	0	0000000	000	000000000000000	00000	00000000	0000000000000000	000	00	00000	0	0000000000000000	0000000000000000	0000000	
0	0	0000000000000010	0010000000111110	0000000000000010	0	0000000000000000	0000000000000000	0000000000000000	000	00000	00000000000	00	00	00	0000000000000000	00	0	0000000	000	000000000000000	00000	00000000	0000000000000000	000	00	00000	0	0000000000000000	0000000000000000	0000000	
0	1	0000000000000010	0010000000111110	0000000000000010	0	0000000000000000	0000000000000000	0000000000000000	000	00000	00000000000	00	00	00	0000000000000000	00	0	0000000	000	000000000000000	00000	00000000	0000000000000000	000	00	00000	0	0000000000000000	0000000000000000	0000000	
1	0	0000000000000100	0010000100000011	0000000000000100	0	0000000000000000	0000000000000000	0000000000000010	000	00000	00000111110	10	00	00	0000000000000010	00	0	0000000	000	000010111001000	00000	00111110	0000000000000000	000	00	00000	0	0000000000000000	0000000000000000	0000000	
1	1	0000000000000100	0010000100000011	0000000000000100	0	0000000000000000	0000000000000000	0000000000000010	000	00000	00000111110	10	00	00	0000000000000010	00	0	0000000	000	000010111001000	00000	00111110	0000000000000000	000	00	00000	0	0000000000000000	0000000000000000	0000000	
1	0	0000000000000100	0010000100000011	0000000000000100	0	0000000000000000	0000000000000000	0000000000000010	000	00000	00000111110	10	00	00	0000000000000010	00	0	0000000	000	000010111001000	00000	00111110	0000000000000000	000	00	00000	0	0000000000000000	0000000000000000	0000000	
1	1	0000000000000100	0010000100000011	0000000000000100	0	0000000000000000	0000000000000000	0000000000000010	000	00000	00000111110	10	00	00	0000000000000010	00	0	0000000	000	000010111001000	00000	00111110	0000000000000000	000	00	00000	0	0000000000000000	0000000000000000	0000000	
0	0	0000000000000100	0010000100000011	0000000000000100	0	0000000000000000	0000000000000000	0000000000000010	000	00000	00000111110	10	00	00	0000000000000010	00	0	0000000	000	000010111001000	00000	00111110	0000000000000000	000	00	00000	0	0000000000000000	0000000000000000	0000000	
0	1	0000000000000100	0010000100000011	0000000000000100	0	0000000000000000	0000000000000000	0000000000000010	000	00000	00000111110	10	00	00	0000000000000010	00	0	0000000	000	000010111001000	00000	00111110	0000000000000000	000	00	00000	0	0000000000000000	0000000000000000	0000000	
0	0	0000000000000100	0010000100000011	0000000000000100	0	0000000000000000	0000000000000000	0000000000000010	000	00000	00000111110	10	00	00	0000000000000010	00	0	0000000	000	000010111001000	00000	00111110	0000000000000000	000	00	00000	0	0000000000000000	0000000000000000	0000000	
0	1	0000000000000100	0010000100000011	0000000000000100	0	0000000000000000	0000000000000000	0000000000000010	000	00000	00000111110	10	00	00	0000000000000010	00	0	0000000	000	000010111001000	00000	00111110	0000000000000000	000	00	00000	0	0000000000000000	0000000000000000	0000000	
1	0	0000000000000110	0010001011001011	0000000000000110	0	0000000000000000	0000000000000000	0000000000000000	100	00100	00100000011	10	00	00	0000000000000100	00	0	0000100	001	000010111001000	00000	00000011	0000000000111110	000	10	00000	0	0000000000000000	0000000000000010	0000000	
1	1	0000000000000110	0010001011001011	0000000000000110	0	0000000000000000	0000000000000000	0000000000000000	100	00100	00100000011	10	00	00	0000000000000100	00	0	0000100	001	000010111001000	00000	00000011	0000000000111110	000	10	00000	0	0000000000000000	0000000000000010	0000000	
1	0	0000000000000110	0010001011001011	0000000000000110	0	0000000000000000	0000000000000000	0000000000000000	100	00100	00100000011	10	00	00	0000000000000100	00	0	0000100	001	000010111001000	00000	00000011	0000000000111110	000	10	00000	0	0000000000000000	0000000000000010	0000000	
1	1	0000000000000110	0010001011001011	0000000000000110	0	0000000000000000	0000000000000000	0000000000000000	100	00100	00100000011	10	00	00	0000000000000100	00	0	0000100	001	000010111001000	00000	00000011	0000000000111110	000	10	00000	0	0000000000000000	0000000000000010	0000000	
0	0	0000000000000110	0010001011001011	0000000000000110	0	0000000000000000	0000000000000000	0000000000000000	100	00100	00100000011	10	00	00	0000000000000100	00	0	0000100	001	000010111001000	00000	00000011	0000000000111110	000	10	00000	0	0000000000000000	0000000000000010	0000000	
0	1	0000000000000110	0010001011001011	0000000000000110	0	0000000000000000	0000000000000000	0000000000000000	100	00100	00100000011	10	00	00	0000000000000100	00	0	0000100	001	000010111001000	00000	00000011	0000000000111110	000	10	00000	0	0000000000000000	0000000000000010	0000000	
0	0	0000000000000110	0010001011001011	0000000000000110	0	0000000000000000	0000000000000000	0000000000000000	100	00100	00100000011	10	00	00	0000000000000100	00	0	0000100	001	000010111001000	00000	00000011	0000000000111110	000	10	00000	0	0000000000000000	0000000000000010	0000000	
0	1	0000000000000110	0010001011001011	0000000000000110	0	0000000000000000	0000000000000000	0000000000000000	100	00100	00100000011	10	00	00	0000000000000100	00	0	0000100	001	000010111001000	00000	00000011	0000000000111110	000	10	00000	0	0000000000000000	0000000000000010	0000000	
1	0	0000000000001000	0010001100000110	0000000000001000	0	0000000000000000	0000000000000000	0000000000000000	011	01011	01011001011	10	00	00	0000000000000110	00	0	0001000	010	000010111001000	00000	11001011	0000000000000011	001	10	00000	0	0000000000000000	0000000000000100	0000100	
1	1	0000000000001000	0010001100000110	0000000000001000	0	0000000000000000	0000000000000000	0000000000000000	011	01011	01011001011	10	00	00	0000000000000110	00	0	0001000	010	000010111001000	00000	11001011	0000000000000011	001	10	00000	0	0000000000000000	0000000000000100	0000100	
1	0	0000000000001000	0010001100000110	0000000000001000	0	0000000000000000	0000000000000000	0000000000000000	011	01011	01011001011	10	00	00	0000000000000110	00	0	0001000	010	000010111001000	00000	11001011	0000000000000011	001	10	00000	0	0000000000000000	0000000000000100	0000100	
1	1	0000000000001000	0010001100000110	0000000000001000	0	0000000000000000	0000000000000000	0000000000000000	011	01011	01011001011	10	00	00	0000000000000110	00	0	0001000	010	000010111001000	00000	11001011	0000000000000011	001	10	00000	0	0000000000000000	0000000000000100	0000100	
0	0	0000000000001000	0010001100000110	0000000000001000	0	0000000000000000	0000000000000000	0000000000000000	011	01011	01011001011	10	00	00	0000000000000110	00	0	0001000	010	000010111001000	00000	11001011	0000000000000011	001	10	00000	0	0000000000000000	0000000000000100	0000100	
0	1	0000000000001000	0010001100000110	0000000000001000	0	0000000000000000	0000000000000000	0000000000000000	011	01011	01011001011	10	00	00	0000000000000110	00	0	0001000	010	000010111001000	00000	11001011	0000000000000011	001	10	00000	0	0000000000000000	0000000000000100	0000100	
0	0	0000000000001000	0010001100000110	0000000000001000	0	0000000000000000	0000000000000000	0000000000000000	011	01011	01011001011	10	00	00	0000000000000110	00	0	0001000	010	000010111001000	00000	11001011	0000000000000011	001	10	00000	0	0000000000000000	0000000000000100	0000100	
0	1	0000000000001000	0010001100000110	0000000000001000	0	0000000000000000	0000000000000000	0000000000000000	011	01011	01011001011	10	00	00	0000000000000110	00	0	0001000	010	000010111001000	00000	11001011	0000000000000011	001	10	00000	0	0000000000000000	0000000000000100	0000100	
1	0	0000000000001010	0100011011000000	0000000000001010	0	0000000000000000	0000000000000000	0000000000000000	100	01100	01100000110	10	00	00	0000000000001000	00	0	0001100	011	000010111001000	00000	00000110	0000000011001011	010	10	00000	0	0000000000000000	0000000000000110	0001000	
1	1	0000000000001010	0100011011000000	0000000000001010	0	0000000000000000	0000000000000000	0000000000000000	100	01100	01100000110	10	00	00	0000000000001000	00	0	0001100	011	000010111001000	00000	00000110	0000000011001011	010	10	00000	0	0000000000000000	0000000000000110	0001000	
1	0	0000000000001010	0100011011000000	0000000000001010	0	0000000000000000	0000000000000000	0000000000000000	100	01100	01100000110	10	00	00	0000000000001000	00	0	0001100	011	000010111001000	00000	00000110	0000000011001011	010	10	00000	0	0000000000000000	0000000000000110	0001000	
1	1	0000000000001010	0100011011000000	0000000000001010	0	0000000000000000	0000000000000000	0000000000000000	100	01100	01100000110	10	00	00	0000000000001000	00	0	0001100	011	000010111001000	00000	00000110	0000000011001011	010	10	00000	0	0000000000000000	0000000000000110	0001000	
0	0	0000000000001010	0100011011000000	0000000000001010	0	0000000000000000	0000000000000000	0000000000000000	100	01100	01100000110	10	00	00	0000000000001000	00	0	0001100	011	000010111001000	00000	00000110	0000000011001011	010	10	00000	0	0000000000000000	0000000000000110	0001000	
0	1	0000000000001010	0100011011000000	0000000000001010	0	0000000000000000	0000000000000000	0000000000000000	100	01100	01100000110	10	00	00	0000000000001000	00	0	0001100	011	000010111001000	00000	00000110	0000000011001011	010	10	00000	0	0000000000000000	0000000000000110	0001000	
0	0	0000000000001010	0100011011000000	0000000000001010	0	0000000000000000	0000000000000000	0000000000000000	100	01100	01100000110	10	00	00	0000000000001000	00	0	0001100	011	000010111001000	00000	00000110	0000000011001011	010	10	00000	0	0000000000000000	0000000000000110	0001000	
0	1	0000000000001010	0100011011000000	0000000000001010	0	0000000000000000	0000000000000000	0000000000000000	100	01100	01100000110	10	00	00	0000000000001000	00	0	0001100	011	000010111001000	00000	00000110	0000000011001011	010	10	00000	0	0000000000000000	0000000000000110	0001000	
1	0	0000000000001100	0001110010000100	0000000000001100	0	0000000000000000	0000000000111110	0000000000111110	011	11011	11011000000	00	00	00	0000000000001010	00	0	0011000	000	000000000000000	00000	11000000	0000000000000110	011	10	00000	0	0000000000000000	0000000000001000	0001100	
1	1	0000000000001100	0001110010000100	0000000000001100	0	0000000000000000	0000000000111110	0000000000111110	011	11011	11011000000	00	00	00	0000000000001010	00	0	0011000	000	000000000000000	00000	11000000	0000000000000110	011	10	00000	0	0000000000000000	0000000000001000	0001100	
1	0	0000000000001100	0001110010000100	0000000000001100	0	0000000000000000	0000000000111110	0000000000111110	011	11011	11011000000	00	00	00	0000000000001010	00	0	0011000	000	000000000000000	00000	11000000	0000000000000110	011	10	00000	0	0000000000000000	0000000000001000	0001100	
1	1	0000000000001100	0001110010000100	0000000000001100	0	0000000000000000	0000000000111110	0000000000111110	011	11011	11011000000	00	00	00	0000000000001010	00	0	0011000	000	000000000000000	00000	11000000	0000000000000110	011	10	00000	0	0000000000000000	0000000000001000	0001100	
0	0	0000000000001100	0001110010000100	0000000000001100	0	0000000000000000	0000000000111110	0000000000111110	011	11011	11011000000	00	00	00	0000000000001010	00	0	0011000	000	000000000000000	00000	11000000	0000000000000110	011	10	00000	0	0000000000000000	0000000000001000	0001100	
0	1	0000000000001100	0001110010000100	0000000000001100	0	0000000000000000	0000000000111110	0000000000111110	011	11011	11011000000	00	00	00	0000000000001010	00	0	0011000	000	000000000000000	00000	11000000	0000000000000110	011	10	00000	0	0000000000000000	0000000000001000	0001100	
0	0	0000000000001100	0001110010000100	0000000000001100	0	0000000000000000	0000000000111110	0000000000111110	011	11011	11011000000	00	00	00	0000000000001010	00	0	0011000	000	000000000000000	00000	11000000	0000000000000110	011	10	00000	0	0000000000000000	0000000000001000	0001100	
0	1	0000000000001100	0001110010000100	0000000000001100	0	0000000000000000	0000000000111110	0000000000111110	011	11011	11011000000	00	00	00	0000000000001010	00	0	0011000	000	000000000000000	00000	11000000	0000000000000110	011	10	00000	0	0000000000000000	0000000000001000	0001100	
1	0	0000000000001110	1000000100000010	0000000000001110	0	0000000000000000	0000000000000000	0000000000111110	010	10010	10010000100	10	00	00	0000000000001100	00	0	0110000	100	000010001001000	00000	10000100	0000000000111110	000	00	00000	0	0000000000111110	0000000000001010	0011000	
1	1	0000000000001110	1000000100000010	0000000000001110	0	0000000000000000	0000000000000000	0000000000111110	010	10010	10010000100	10	00	00	0000000000001100	00	0	0110000	100	000010001001000	00000	10000100	0000000000111110	000	00	00000	0	0000000000111110	0000000000001010	0011000	
1	0	0000000000001110	1000000100000010	0000000000001110	0	0000000000000000	0000000000000000	0000000000111110	010	10010	10010000100	10	00	00	0000000000001100	00	0	0110000	100	000010001001000	00000	10000100	0000000000111110	000	00	00000	0	0000000000111110	0000000000001010	0011000	
1	1	0000000000001110	1000000100000010	0000000000001110	0	0000000000000000	0000000000000000	0000000000111110	010	10010	10010000100	10	00	00	0000000000001100	00	0	0110000	100	000010001001000	00000	10000100	0000000000111110	000	00	00000	0	0000000000111110	0000000000001010	0011000	
0	0	0000000000001110	1000000100000010	0000000000001110	0	0000000000000000	0000000000000000	0000000000111110	010	10010	10010000100	10	00	00	0000000000001100	00	0	0110000	100	000010001001000	00000	10000100	0000000000111110	000	00	00000	0	0000000000111110	0000000000001010	0011000	
0	1	0000000000001110	1000000100000010	0000000000001110	0	0000000000000000	0000000000000000	0000000000111110	010	10010	10010000100	10	00	00	0000000000001100	00	0	0110000	100	000010001001000	00000	10000100	0000000000111110	000	00	00000	0	0000000000111110	0000000000001010	0011000	
0	0	0000000000001110	1000000100000010	0000000000001110	0	0000000000000000	0000000000000000	0000000000111110	010	10010	10010000100	10	00	00	0000000000001100	00	0	0110000	100	000010001001000	00000	10000100	0000000000111110	000	00	00000	0	0000000000111110	0000000000001010	0011000	
0	1	0000000000001110	1000000100000010	0000000000001110	0	0000000000000000	0000000000000000	0000000000111110	010	10010	10010000100	10	00	00	0000000000001100	00	0	0110000	100	000010001001000	00000	10000100	0000000000111110	000	00	00000	0	0000000000111110	0000000000001010	0011000	
1	0	0000000000010000	1000100100000001	0000000000010000	0	0000000000000000	0000000011001011	0000000000111110	100	00100	00100000010	00	00	00	0000000000001110	00	0	0000100	010	000000010001000	00011	00000010	0000000001000000	100	10	00000	0	0000000000000000	0000000000001100	0110000	
1	1	0000000000010000	1000100100000001	0000000000010000	0	0000000000000000	0000000011001011	0000000000111110	100	00100	00100000010	00	00	00	0000000000001110	00	0	0000100	010	000000010001000	00011	00000010	0000000001000000	100	10	00000	0	0000000000000000	0000000000001100	0110000	
1	0	0000000000010000	1000100100000001	0000000000010000	0	0000000000000000	0000000011001011	0000000000111110	100	00100	00100000010	00	00	00	0000000000001110	00	0	0000100	010	000000010001000	00011	00000010	0000000001000000	100	10	00000	0	0000000000000000	0000000000001100	0110000	
1	1	0000000000010000	1000100100000001	0000000000010000	0	0000000000000000	0000000011001011	0000000000111110	100	00100	00100000010	00	00	00	0000000000001110	00	0	0000100	010	000000010001000	00011	00000010	0000000001000000	100	10	00000	0	0000000000000000	0000000000001100	0110000	
0	0	0000000000010000	1000100100000001	0000000000010000	0	0000000000000000	0000000011001011	0000000000111110	100	00100	00100000010	00	00	00	0000000000001110	00	0	0000100	010	000000010001000	00011	00000010	0000000001000000	100	10	00000	0	0000000000000000	0000000000001100	0110000	
0	1	0000000000010000	1000100100000001	0000000000010000	0	0000000000000000	0000000011001011	0000000000111110	100	00100	00100000010	00	00	00	0000000000001110	00	0	0000100	010	000000010001000	00011	00000010	0000000001000000	100	10	00000	0	0000000000000000	0000000000001100	0110000	
0	0	0000000000010000	1000100100000001	0000000000010000	0	0000000000000000	0000000011001011	0000000000111110	100	00100	00100000010	00	00	00	0000000000001110	00	0	0000100	010	000000010001000	00011	00000010	0000000001000000	100	10	00000	0	0000000000000000	0000000000001100	0110000	
0	1	0000000000010000	1000100100000001	0000000000010000	0	0000000000000000	0000000011001011	0000000000111110	100	00100	00100000010	00	00	00	0000000000001110	00	0	0000100	010	000000010001000	00011	00000010	0000000001000000	100	10	00000	0	0000000000000000	0000000000001100	0110000	
1	0	0000000000010010	1110000000010110	0000000000010010	0	0000000000000000	0000000000000011	0000000000111110	100	00100	00100000001	10	00	00	0000000000010000	00	0	0100100	001	000000010001000	00101	00000001	0000000001000110	010	00	00011	0	0000000011001011	0000000000001110	0000100	
1	1	0000000000010010	1110000000010110	0000000000010010	0	0000000000000000	0000000000000011	0000000000111110	100	00100	00100000001	10	00	00	0000000000010000	00	0	0100100	001	000000010001000	00101	00000001	0000000001000110	010	00	00011	0	0000000011001011	0000000000001110	0000100	
1	0	0000000000010010	1110000000010110	0000000000010010	0	0000000000000000	0000000000000011	0000000000111110	100	00100	00100000001	10	00	00	0000000000010000	00	0	0100100	001	000000010001000	00101	00000001	0000000001000110	010	00	00011	0	0000000011001011	0000000000001110	0000100	
1	1	0000000000010010	1110000000010110	0000000000010010	0	0000000000000000	0000000000000011	0000000000111110	100	00100	00100000001	10	00	00	0000000000010000	00	0	0100100	001	000000010001000	00101	00000001	0000000001000110	010	00	00011	0	0000000011001011	0000000000001110	0000100	
0	0	0000000000010010	1110000000010110	0000000000010010	0	0000000000000000	0000000000000011	0000000000111110	100	00100	00100000001	10	00	00	0000000000010000	00	0	0100100	001	000000010001000	00101	00000001	0000000001000110	010	00	00011	0	0000000011001011	0000000000001110	0000100	
0	1	0000000000010010	1110000000010110	0000000000010010	0	0000000000000000	0000000000000011	0000000000111110	100	00100	00100000001	10	00	00	0000000000010000	00	0	0100100	001	000000010001000	00101	00000001	0000000001000110	010	00	00011	0	0000000011001011	0000000000001110	0000100	
0	0	0000000000010010	1110000000010110	0000000000010010	0	0000000000000000	0000000000000011	0000000000111110	100	00100	00100000001	10	00	00	0000000000010000	00	0	0100100	001	000000010001000	00101	00000001	0000000001000110	010	00	00011	0	0000000011001011	0000000000001110	0000100	
0	1	0000000000010010	1110000000010110	0000000000010010	0	0000000000000000	0000000000000011	0000000000111110	100	00100	00100000001	10	00	00	0000000000010000	00	0	0100100	001	000000010001000	00101	00000001	0000000001000110	010	00	00011	0	0000000011001011	0000000000001110	0000100	
1	0	0000000000010100	0100011011000000	0000000000010100	0	0000000000111110	0000000000000000	0000000000010010	000	00000	00000010110	00	00	00	0000000000010010	00	0	0000001	110	000100010001000	00000	00010110	0000000001000110	001	10	00101	0	0000000000000011	0000000000010000	0100100	
1	1	0000000000010100	0100011011000000	0000000000010100	0	0000000000111110	0000000000000000	0000000000010010	000	00000	00000010110	00	00	00	0000000000010010	00	0	0000001	110	000100010001000	00000	00010110	0000000001000110	001	10	00101	0	0000000000000011	0000000000010000	0100100	
1	0	0000000000010100	0100011011000000	0000000000010100	0	0000000000111110	0000000000000000	0000000000010010	000	00000	00000010110	00	00	00	0000000000010010	00	0	0000001	110	000100010001000	00000	00010110	0000000001000110	001	10	00101	0	0000000000000011	0000000000010000	0100100	
1	1	0000000000010100	0100011011000000	0000000000010100	0	0000000000111110	0000000000000000	0000000000010010	000	00000	00000010110	00	00	00	0000000000010010	00	0	0000001	110	000100010001000	00000	00010110	0000000001000110	001	10	00101	0	0000000000000011	0000000000010000	0100100	
0	0	0000000000010100	0100011011000000	0000000000010100	0	0000000000111110	0000000000000000	0000000000010010	000	00000	00000010110	00	00	00	0000000000010010	00	0	0000001	110	000100010001000	00000	00010110	0000000001000110	001	10	00101	0	0000000000000011	0000000000010000	0100100	
0	1	0000000000010100	0100011011000000	0000000000010100	0	0000000000111110	0000000000000000	0000000000010010	000	00000	00000010110	00	00	00	0000000000010010	00	0	0000001	110	000100010001000	00000	00010110	0000000001000110	001	10	00101	0	0000000000000011	0000000000010000	0100100	
0	0	0000000000010100	0100011011000000	0000000000010100	0	0000000000111110	0000000000000000	0000000000010010	000	00000	00000010110	00	00	00	0000000000010010	00	0	0000001	110	000100010001000	00000	00010110	0000000001000110	001	10	00101	0	0000000000000011	0000000000010000	0100100	
0	1	0000000000010100	0100011011000000	0000000000010100	0	0000000000111110	0000000000000000	0000000000010010	000	00000	00000010110	00	00	00	0000000000010010	00	0	0000001	110	000100010001000	00000	00010110	0000000001000110	001	10	00101	0	0000000000000011	0000000000010000	0100100	
1	0	0000000000010110	0100011011000000	0000000000010110	0	0000000000000110	0000000000111110	0000000000111110	011	11011	11011000000	00	00	00	0000000000010100	00	0	0011000	000	000000000000000	00000	11000000	0000000001000000	110	00	00000	0	0000000000000000	0000000000010010	0000001	
1	1	0000000000010110	0100011011000000	0000000000010110	0	0000000000000110	0000000000111110	0000000000111110	011	11011	11011000000	00	00	00	0000000000010100	00	0	0011000	000	000000000000000	00000	11000000	0000000001000000	110	00	00000	0	0000000000000000	0000000000010010	0000001	
1	0	0000000000010110	0100011011000000	0000000000010110	0	0000000000000110	0000000000111110	0000000000111110	011	11011	11011000000	00	00	00	0000000000010100	00	0	0011000	000	000000000000000	00000	11000000	0000000001000000	110	00	00000	0	0000000000000000	0000000000010010	0000001	
1	1	0000000000010110	0100011011000000	0000000000010110	0	0000000000000110	0000000000111110	0000000000111110	011	11011	11011000000	00	00	00	0000000000010100	00	0	0011000	000	000000000000000	00000	11000000	0000000001000000	110	00	00000	0	0000000000000000	0000000000010010	0000001	
0	0	0000000000010110	0100011011000000	0000000000010110	0	0000000000000110	0000000000111110	0000000000111110	011	11011	11011000000	00	00	00	0000000000010100	00	0	0011000	000	000000000000000	00000	11000000	0000000001000000	110	00	00000	0	0000000000000000	0000000000010010	0000001	
0	1	0000000000010110	0100011011000000	0000000000010110	0	0000000000000110	0000000000111110	0000000000111110	011	11011	11011000000	00	00	00	0000000000010100	00	0	0011000	000	000000000000000	00000	11000000	0000000001000000	110	00	00000	0	0000000000000000	0000000000010010	0000001	
0	0	0000000000010110	0100011011000000	0000000000010110	0	0000000000000110	0000000000111110	0000000000111110	011	11011	11011000000	00	00	00	0000000000010100	00	0	0011000	000	000000000000000	00000	11000000	0000000001000000	110	00	00000	0	0000000000000000	0000000000010010	0000001	
0	1	0000000000010110	0100011011000000	0000000000010110	0	0000000000000110	0000000000111110	0000000000111110	011	11011	11011000000	00	00	00	0000000000010100	00	0	0011000	000	000000000000000	00000	11000000	0000000001000000	110	00	00000	0	0000000000000000	0000000000010010	0000001	
1	0	0000000000011000	0100011011000000	0000000000011000	0	0000000000000110	0000000000111110	0000000000111110	011	11011	11011000000	00	00	00	0000000000010110	00	0	0011000	000	000000000000000	00000	11000000	0000000000111110	000	00	00000	0	0000000000111110	0000000000010100	0011000	
1	1	0000000000011000	0100011011000000	0000000000011000	0	0000000000000110	0000000000111110	0000000000111110	011	11011	11011000000	00	00	00	0000000000010110	00	0	0011000	000	000000000000000	00000	11000000	0000000000111110	000	00	00000	0	0000000000111110	0000000000010100	0011000	
1	0	0000000000011000	0100011011000000	0000000000011000	0	0000000000000110	0000000000111110	0000000000111110	011	11011	11011000000	00	00	00	0000000000010110	00	0	0011000	000	000000000000000	00000	11000000	0000000000111110	000	00	00000	0	0000000000111110	0000000000010100	0011000	
1	1	0000000000011000	0100011011000000	0000000000011000	0	0000000000000110	0000000000111110	0000000000111110	011	11011	11011000000	00	00	00	0000000000010110	00	0	0011000	000	000000000000000	00000	11000000	0000000000111110	000	00	00000	0	0000000000111110	0000000000010100	0011000	
0	0	0000000000011000	0100011011000000	0000000000011000	0	0000000000000110	0000000000111110	0000000000111110	011	11011	11011000000	00	00	00	0000000000010110	00	0	0011000	000	000000000000000	00000	11000000	0000000000111110	000	00	00000	0	0000000000111110	0000000000010100	0011000	
0	1	0000000000011000	0100011011000000	0000000000011000	0	0000000000000110	0000000000111110	0000000000111110	011	11011	11011000000	00	00	00	0000000000010110	00	0	0011000	000	000000000000000	00000	11000000	0000000000111110	000	00	00000	0	0000000000111110	0000000000010100	0011000	
0	0	0000000000011000	0100011011000000	0000000000011000	0	0000000000000110	0000000000111110	0000000000111110	011	11011	11011000000	00	00	00	0000000000010110	00	0	0011000	000	000000000000000	00000	11000000	0000000000111110	000	00	00000	0	0000000000111110	0000000000010100	0011000	
0	1	0000000000011000	0100011011000000	0000000000011000	0	0000000000000110	0000000000111110	0000000000111110	011	11011	11011000000	00	00	00	0000000000010110	00	0	0011000	000	000000000000000	00000	11000000	0000000000111110	000	00	00000	0	0000000000111110	0000000000010100	0011000	
1	0	0000000001000000	0100011011000000	0000000000011010	1	0000000000000110	0000000000111110	0000000000111110	011	11011	11011000000	00	00	00	0000000000011000	00	0	0011000	000	000000000000000	00000	11000000	0000000000111110	000	00	00000	0	0000000000111110	0000000000010110	0011000	
1	1	0000000001000000	0100011011000000	0000000000011010	1	0000000000000110	0000000000111110	0000000000111110	011	11011	11011000000	00	00	00	0000000000011000	00	0	0011000	000	000000000000000	00000	11000000	0000000000111110	000	00	00000	0	0000000000111110	0000000000010110	0011000	
1	0	0000000001000000	0100011011000000	0000000000011010	1	0000000000000110	0000000000111110	0000000000111110	011	11011	11011000000	00	00	00	0000000000011000	00	0	0011000	000	000000000000000	00000	11000000	0000000000111110	000	00	00000	0	0000000000111110	0000000000010110	0011000	
1	1	0000000001000000	0100011011000000	0000000000011010	1	0000000000000110	0000000000111110	0000000000111110	011	11011	11011000000	00	00	00	0000000000011000	00	0	0011000	000	000000000000000	00000	11000000	0000000000111110	000	00	00000	0	0000000000111110	0000000000010110	0011000	
0	0	0000000001000000	0100011011000000	0000000000011010	1	0000000000000110	0000000000111110	0000000000111110	011	11011	11011000000	00	00	00	0000000000011000	00	0	0011000	000	000000000000000	00000	11000000	0000000000111110	000	00	00000	0	0000000000111110	0000000000010110	0011000	
0	1	0000000001000000	0100011011000000	0000000000011010	1	0000000000000110	0000000000111110	0000000000111110	011	11011	11011000000	00	00	00	0000000000011000	00	0	0011000	000	000000000000000	00000	11000000	0000000000111110	000	00	00000	0	0000000000111110	0000000000010110	0011000	
0	0	0000000001000000	0100011011000000	0000000000011010	1	0000000000000110	0000000000111110	0000000000111110	011	11011	11011000000	00	00	00	0000000000011000	00	0	0011000	000	000000000000000	00000	11000000	0000000000111110	000	00	00000	0	0000000000111110	0000000000010110	0011000	
0	1	0000000001000000	0100011011000000	0000000000011010	1	0000000000000110	0000000000111110	0000000000111110	011	11011	11011000000	00	00	00	0000000000011000	00	0	0011000	000	000000000000000	00000	11000000	0000000000111110	000	00	00000	0	0000000000111110	0000000000010110	0011000	
1	0	0000000001000010	0100000000011001	0000000001000010	0	0000000000000110	0000000000111110	0000000000111110	011	11011	11011000000	00	00	00	0000000000011000	00	0	0000000	000	000000000000000	00000	11000000	0000000000111110	000	00	00000	0	0000000000111110	0000000000011000	0011000	
1	1	0000000001000010	0100000000011001	0000000001000010	0	0000000000000110	0000000000111110	0000000000111110	011	11011	11011000000	00	00	00	0000000000011000	00	0	0000000	000	000000000000000	00000	11000000	0000000000111110	000	00	00000	0	0000000000111110	0000000000011000	0011000	
1	0	0000000001000010	0100000000011001	0000000001000010	0	0000000000000110	0000000000111110	0000000000111110	011	11011	11011000000	00	00	00	0000000000011000	00	0	0000000	000	000000000000000	00000	11000000	0000000000111110	000	00	00000	0	0000000000111110	0000000000011000	0011000	
1	1	0000000001000010	0100000000011001	0000000001000010	0	0000000000000110	0000000000111110	0000000000111110	011	11011	11011000000	00	00	00	0000000000011000	00	0	0000000	000	000000000000000	00000	11000000	0000000000111110	000	00	00000	0	0000000000111110	0000000000011000	0011000	
0	0	0000000001000010	0100000000011001	0000000001000010	0	0000000000000110	0000000000111110	0000000000111110	011	11011	11011000000	00	00	00	0000000000011000	00	0	0000000	000	000000000000000	00000	11000000	0000000000111110	000	00	00000	0	0000000000111110	0000000000011000	0011000	
0	1	0000000001000010	0100000000011001	0000000001000010	0	0000000000000110	0000000000111110	0000000000111110	011	11011	11011000000	00	00	00	0000000000011000	00	0	0000000	000	000000000000000	00000	11000000	0000000000111110	000	00	00000	0	0000000000111110	0000000000011000	0011000	
0	0	0000000001000010	0100000000011001	0000000001000010	0	0000000000000110	0000000000111110	0000000000111110	011	11011	11011000000	00	00	00	0000000000011000	00	0	0000000	000	000000000000000	00000	11000000	0000000000111110	000	00	00000	0	0000000000111110	0000000000011000	0011000	
0	1	0000000001000010	0100000000011001	0000000001000010	0	0000000000000110	0000000000111110	0000000000111110	011	11011	11011000000	00	00	00	0000000000011000	00	0	0000000	000	000000000000000	00000	11000000	0000000000111110	000	00	00000	0	0000000000111110	0000000000011000	0011000	
1	0	0000000001000100	0100011011000000	0000000001000100	0	0000000000000110	0000000011001011	0000000011001011	000	00000	00000011001	10	00	00	0000000001000010	00	0	0000000	001	000010000011000	00000	00011001	0000000000111110	000	00	00000	0	0000000000111110	0000000000011000	0011000	
1	1	0000000001000100	0100011011000000	0000000001000100	0	0000000000000110	0000000011001011	0000000011001011	000	00000	00000011001	10	00	00	0000000001000010	00	0	0000000	001	000010000011000	00000	00011001	0000000000111110	000	00	00000	0	0000000000111110	0000000000011000	0011000	
1	0	0000000001000100	0100011011000000	0000000001000100	0	0000000000000110	0000000011001011	0000000011001011	000	00000	00000011001	10	00	00	0000000001000010	00	0	0000000	001	000010000011000	00000	00011001	0000000000111110	000	00	00000	0	0000000000111110	0000000000011000	0011000	
1	1	0000000001000100	0100011011000000	0000000001000100	0	0000000000000110	0000000011001011	0000000011001011	000	00000	00000011001	10	00	00	0000000001000010	00	0	0000000	001	000010000011000	00000	00011001	0000000000111110	000	00	00000	0	0000000000111110	0000000000011000	0011000	
0	0	0000000001000100	0100011011000000	0000000001000100	0	0000000000000110	0000000011001011	0000000011001011	000	00000	00000011001	10	00	00	0000000001000010	00	0	0000000	001	000010000011000	00000	00011001	0000000000111110	000	00	00000	0	0000000000111110	0000000000011000	0011000	
0	1	0000000001000100	0100011011000000	0000000001000100	0	0000000000000110	0000000011001011	0000000011001011	000	00000	00000011001	10	00	00	0000000001000010	00	0	0000000	001	000010000011000	00000	00011001	0000000000111110	000	00	00000	0	0000000000111110	0000000000011000	0011000	
0	0	0000000001000100	0100011011000000	0000000001000100	0	0000000000000110	0000000011001011	0000000011001011	000	00000	00000011001	10	00	00	0000000001000010	00	0	0000000	001	000010000011000	00000	00011001	0000000000111110	000	00	00000	0	0000000000111110	0000000000011000	0011000	
0	1	0000000001000100	0100011011000000	0000000001000100	0	0000000000000110	0000000011001011	0000000011001011	000	00000	00000011001	10	00	00	0000000001000010	00	0	0000000	001	000010000011000	00000	00011001	0000000000111110	000	00	00000	0	0000000000111110	0000000000011000	0011000	
1	0	0000000001000110	0100011011000000	0000000001000110	0	0000000000000110	0000000000111110	0000000000111110	011	11011	11011000000	00	00	00	0000000001000100	00	0	0011000	000	000000000000000	00000	11000000	0000000000000010	001	10	00000	0	0000000011001011	0000000001000010	0000000	
1	1	0000000001000110	0100011011000000	0000000001000110	0	0000000000000110	0000000000111110	0000000000111110	011	11011	11011000000	00	00	00	0000000001000100	00	0	0011000	000	000000000000000	00000	11000000	0000000000000010	001	10	00000	0	0000000011001011	0000000001000010	0000000	
1	0	0000000001000110	0100011011000000	0000000001000110	0	0000000000000110	0000000000111110	0000000000111110	011	11011	11011000000	00	00	00	0000000001000100	00	0	0011000	000	000000000000000	00000	11000000	0000000000000010	001	10	00000	0	0000000011001011	0000000001000010	0000000	
1	1	0000000001000110	0100011011000000	0000000001000110	0	0000000000000110	0000000000111110	0000000000111110	011	11011	11011000000	00	00	00	0000000001000100	00	0	0011000	000	000000000000000	00000	11000000	0000000000000010	001	10	00000	0	0000000011001011	0000000001000010	0000000	
0	0	0000000001000110	0100011011000000	0000000001000110	0	0000000000000110	0000000000111110	0000000000111110	011	11011	11011000000	00	00	00	0000000001000100	00	0	0011000	000	000000000000000	00000	11000000	0000000000000010	001	10	00000	0	0000000011001011	0000000001000010	0000000	
0	1	0000000001000110	0100011011000000	0000000001000110	0	0000000000000110	0000000000111110	0000000000111110	011	11011	11011000000	00	00	00	0000000001000100	00	0	0011000	000	000000000000000	00000	11000000	0000000000000010	001	10	00000	0	0000000011001011	0000000001000010	0000000	
0	0	0000000001000110	0100011011000000	0000000001000110	0	0000000000000110	0000000000111110	0000000000111110	011	11011	11011000000	00	00	00	0000000001000100	00	0	0011000	000	000000000000000	00000	11000000	0000000000000010	001	10	00000	0	0000000011001011	0000000001000010	0000000	
0	1	0000000001000110	0100011011000000	0000000001000110	0	0000000000000110	0000000000111110	0000000000111110	011	11011	11011000000	00	00	00	0000000001000100	00	0	0011000	000	000000000000000	00000	11000000	0000000000000010	001	10	00000	0	0000000011001011	0000000001000010	0000000	
1	0	0000000001001000	0100011011000000	0000000001001000	0	0000000000000110	0000000000111110	0000000000111110	011	11011	11011000000	00	00	00	0000000001000110	00	0	0011000	000	000000000000000	00000	11000000	0000000000111110	000	00	00000	0	0000000000111110	0000000001000100	0011000	
1	1	0000000001001000	0100011011000000	0000000001001000	0	0000000000000110	0000000000111110	0000000000111110	011	11011	11011000000	00	00	00	0000000001000110	00	0	0011000	000	000000000000000	00000	11000000	0000000000111110	000	00	00000	0	0000000000111110	0000000001000100	0011000	
1	0	0000000001001000	0100011011000000	0000000001001000	0	0000000000000110	0000000000111110	0000000000111110	011	11011	11011000000	00	00	00	0000000001000110	00	0	0011000	000	000000000000000	00000	11000000	0000000000111110	000	00	00000	0	0000000000111110	0000000001000100	0011000	
1	1	0000000001001000	0100011011000000	0000000001001000	0	0000000000000110	0000000000111110	0000000000111110	011	11011	11011000000	00	00	00	0000000001000110	00	0	0011000	000	000000000000000	00000	11000000	0000000000111110	000	00	00000	0	0000000000111110	0000000001000100	0011000	
0	0	0000000001001000	0100011011000000	0000000001001000	0	0000000000000110	0000000000111110	0000000000111110	011	11011	11011000000	00	00	00	0000000001000110	00	0	0011000	000	000000000000000	00000	11000000	0000000000111110	000	00	00000	0	0000000000111110	0000000001000100	0011000	
0	1	0000000001001000	0100011011000000	0000000001001000	0	0000000000000110	0000000000111110	0000000000111110	011	11011	11011000000	00	00	00	0000000001000110	00	0	0011000	000	000000000000000	00000	11000000	0000000000111110	000	00	00000	0	0000000000111110	0000000001000100	0011000	
0	0	0000000001001000	0100011011000000	0000000001001000	0	0000000000000110	0000000000111110	0000000000111110	011	11011	11011000000	00	00	00	0000000001000110	00	0	0011000	000	000000000000000	00000	11000000	0000000000111110	000	00	00000	0	0000000000111110	0000000001000100	0011000	
0	1	0000000001001000	0100011011000000	0000000001001000	0	0000000000000110	0000000000111110	0000000000111110	011	11011	11011000000	00	00	00	0000000001000110	00	0	0011000	000	000000000000000	00000	11000000	0000000000111110	000	00	00000	0	0000000000111110	0000000001000100	0011000	
1	0	0000000001001010	0100011011000000	0000000001001010	0	0000000000000110	0000000000111110	0000000000111110	011	11011	11011000000	00	00	00	0000000001001000	00	0	0011000	000	000000000000000	00000	11000000	0000000000111110	000	00	00000	0	0000000000111110	0000000001000110	0011000	
1	1	0000000001001010	0100011011000000	0000000001001010	0	0000000000000110	0000000000111110	0000000000111110	011	11011	11011000000	00	00	00	0000000001001000	00	0	0011000	000	000000000000000	00000	11000000	0000000000111110	000	00	00000	0	0000000000111110	0000000001000110	0011000	
1	0	0000000001001010	0100011011000000	0000000001001010	0	0000000000000110	0000000000111110	0000000000111110	011	11011	11011000000	00	00	00	0000000001001000	00	0	0011000	000	000000000000000	00000	11000000	0000000000111110	000	00	00000	0	0000000000111110	0000000001000110	0011000	
1	1	0000000001001010	0100011011000000	0000000001001010	0	0000000000000110	0000000000111110	0000000000111110	011	11011	11011000000	00	00	00	0000000001001000	00	0	0011000	000	000000000000000	00000	11000000	0000000000111110	000	00	00000	0	0000000000111110	0000000001000110	0011000	
0	0	0000000001001010	0100011011000000	0000000001001010	0	0000000000000110	0000000000111110	0000000000111110	011	11011	11011000000	00	00	00	0000000001001000	00	0	0011000	000	000000000000000	00000	11000000	0000000000111110	000	00	00000	0	0000000000111110	0000000001000110	0011000	
0	1	0000000001001010	0100011011000000	0000000001001010	0	0000000000000110	0000000000111110	0000000000111110	011	11011	11011000000	00	00	00	0000000001001000	00	0	0011000	000	000000000000000	00000	11000000	0000000000111110	000	00	00000	0	0000000000111110	0000000001000110	0011000	
0	0	0000000001001010	0100011011000000	0000000001001010	0	0000000000000110	0000000000111110	0000000000111110	011	11011	11011000000	00	00	00	0000000001001000	00	0	0011000	000	000000000000000	00000	11000000	0000000000111110	000	00	00000	0	0000000000111110	0000000001000110	0011000	
0	1	0000000001001010	0100011011000000	0000000001001010	0	0000000000000110	0000000000111110	0000000000111110	011	11011	11011000000	00	00	00	0000000001001000	00	0	0011000	000	000000000000000	00000	11000000	0000000000111110	000	00	00000	0	0000000000111110	0000000001000110	0011000	
1	0	0000000001001100	0100011011000000	0000000001001100	0	0000000000000110	0000000000111110	0000000000111110	011	11011	11011000000	00	00	00	0000000001001010	00	0	0011000	000	000000000000000	00000	11000000	0000000000111110	000	00	00000	0	0000000000111110	0000000001001000	0011000	
1	1	0000000001001100	0100011011000000	0000000001001100	0	0000000000000110	0000000000111110	0000000000111110	011	11011	11011000000	00	00	00	0000000001001010	00	0	0011000	000	000000000000000	00000	11000000	0000000000111110	000	00	00000	0	0000000000111110	0000000001001000	0011000	
1	0	0000000001001100	0100011011000000	0000000001001100	0	0000000000000110	0000000000111110	0000000000111110	011	11011	11011000000	00	00	00	0000000001001010	00	0	0011000	000	000000000000000	00000	11000000	0000000000111110	000	00	00000	0	0000000000111110	0000000001001000	0011000	
1	1	0000000001001100	0100011011000000	0000000001001100	0	0000000000000110	0000000000111110	0000000000111110	011	11011	11011000000	00	00	00	0000000001001010	00	0	0011000	000	000000000000000	00000	11000000	0000000000111110	000	00	00000	0	0000000000111110	0000000001001000	0011000	
0	0	0000000001001100	0100011011000000	0000000001001100	0	0000000000000110	0000000000111110	0000000000111110	011	11011	11011000000	00	00	00	0000000001001010	00	0	0011000	000	000000000000000	00000	11000000	0000000000111110	000	00	00000	0	0000000000111110	0000000001001000	0011000	
0	1	0000000001001100	0100011011000000	0000000001001100	0	0000000000000110	0000000000111110	0000000000111110	011	11011	11011000000	00	00	00	0000000001001010	00	0	0011000	000	000000000000000	00000	11000000	0000000000111110	000	00	00000	0	0000000000111110	0000000001001000	0011000	
0	0	0000000001001100	0100011011000000	0000000001001100	0	0000000000000110	0000000000111110	0000000000111110	011	11011	11011000000	00	00	00	0000000001001010	00	0	0011000	000	000000000000000	00000	11000000	0000000000111110	000	00	00000	0	0000000000111110	0000000001001000	0011000	
0	1	0000000001001100	0100011011000000	0000000001001100	0	0000000000000110	0000000000111110	0000000000111110	011	11011	11011000000	00	00	00	0000000001001010	00	0	0011000	000	000000000000000	00000	11000000	0000000000111110	000	00	00000	0	0000000000111110	0000000001001000	0011000	
1	0	0000000001001110	0000000000000000	0000000001001110	0	0000000000000110	0000000000111110	0000000000111110	011	11011	11011000000	00	00	00	0000000001001100	00	0	0011000	000	000000000000000	00000	11000000	0000000000111110	000	00	00000	0	0000000000111110	0000000001001010	0011000	
1	1	0000000001001110	0000000000000000	0000000001001110	0	0000000000000110	0000000000111110	0000000000111110	011	11011	11011000000	00	00	00	0000000001001100	00	0	0011000	000	000000000000000	00000	11000000	0000000000111110	000	00	00000	0	0000000000111110	0000000001001010	0011000	
1	0	0000000001001110	0000000000000000	0000000001001110	0	0000000000000110	0000000000111110	0000000000111110	011	11011	11011000000	00	00	00	0000000001001100	00	0	0011000	000	000000000000000	00000	11000000	0000000000111110	000	00	00000	0	0000000000111110	0000000001001010	0011000	
1	1	0000000001001110	0000000000000000	0000000001001110	0	0000000000000110	0000000000111110	0000000000111110	011	11011	11011000000	00	00	00	0000000001001100	00	0	0011000	000	000000000000000	00000	11000000	0000000000111110	000	00	00000	0	0000000000111110	0000000001001010	0011000	
0	0	0000000001001110	0000000000000000	0000000001001110	0	0000000000000110	0000000000111110	0000000000111110	011	11011	11011000000	00	00	00	0000000001001100	00	0	0011000	000	000000000000000	00000	11000000	0000000000111110	000	00	00000	0	0000000000111110	0000000001001010	0011000	
0	1	0000000001001110	0000000000000000	0000000001001110	0	0000000000000110	0000000000111110	0000000000111110	011	11011	11011000000	00	00	00	0000000001001100	00	0	0011000	000	000000000000000	00000	11000000	0000000000111110	000	00	00000	0	0000000000111110	0000000001001010	0011000	
0	0	0000000001001110	0000000000000000	0000000001001110	0	0000000000000110	0000000000111110	0000000000111110	011	11011	11011000000	00	00	00	0000000001001100	00	0	0011000	000	000000000000000	00000	11000000	0000000000111110	000	00	00000	0	0000000000111110	0000000001001010	0011000	
0	1	0000000001001110	0000000000000000	0000000001001110	0	0000000000000110	0000000000111110	0000000000111110	011	11011	11011000000	00	00	00	0000000001001100	00	0	0011000	000	000000000000000	00000	11000000	0000000000111110	000	00	00000	0	0000000000111110	0000000001001010	0011000	
1	0	0000000001010000	0000000000000000	0000000001010000	0	0000000000111110	0000000000111110	0000000000111110	000	00000	00000000000	10	00	00	0000000001001110	00	0	0000000	000	000010000000010	00000	00000000	0000000000111110	000	00	00000	0	0000000000111110	0000000001001100	0011000	
1	1	0000000001010000	0000000000000000	0000000001010000	0	0000000000111110	0000000000111110	0000000000111110	000	00000	00000000000	10	00	00	0000000001001110	00	0	0000000	000	000010000000010	00000	00000000	0000000000111110	000	00	00000	0	0000000000111110	0000000001001100	0011000	
1	0	0000000001010000	0000000000000000	0000000001010000	0	0000000000111110	0000000000111110	0000000000111110	000	00000	00000000000	10	00	00	0000000001001110	00	0	0000000	000	000010000000010	00000	00000000	0000000000111110	000	00	00000	0	0000000000111110	0000000001001100	0011000	
1	1	0000000001010000	0000000000000000	0000000001010000	0	0000000000111110	0000000000111110	0000000000111110	000	00000	00000000000	10	00	00	0000000001001110	00	0	0000000	000	000010000000010	00000	00000000	0000000000111110	000	00	00000	0	0000000000111110	0000000001001100	0011000	
0	0	0000000001010000	0000000000000000	0000000001010000	0	0000000000111110	0000000000111110	0000000000111110	000	00000	00000000000	10	00	00	0000000001001110	00	0	0000000	000	000010000000010	00000	00000000	0000000000111110	000	00	00000	0	0000000000111110	0000000001001100	0011000	
0	1	0000000001010000	0000000000000000	0000000001010000	0	0000000000111110	0000000000111110	0000000000111110	000	00000	00000000000	10	00	00	0000000001001110	00	0	0000000	000	000010000000010	00000	00000000	0000000000111110	000	00	00000	0	0000000000111110	0000000001001100	0011000	
0	0	0000000001010000	0000000000000000	0000000001010000	0	0000000000111110	0000000000111110	0000000000111110	000	00000	00000000000	10	00	00	0000000001001110	00	0	0000000	000	000010000000010	00000	00000000	0000000000111110	000	00	00000	0	0000000000111110	0000000001001100	0011000	
0	1	0000000001010000	0000000000000000	0000000001010000	0	0000000000111110	0000000000111110	0000000000111110	000	00000	00000000000	10	00	00	0000000001001110	00	0	0000000	000	000010000000010	00000	00000000	0000000000111110	000	00	00000	0	0000000000111110	0000000001001100	0011000	
1	0	0000000001010010	0000000000000000	0000000001010010	0	0000000000111110	0000000000111110	0000000000111110	000	00000	00000000000	10	00	00	0000000001010000	00	0	0000000	000	000010000000010	00000	00000000	0000000000111110	000	10	00000	0	0000000000111110	0000000001001110	0000000	
1	1	0000000001010010	0000000000000000	0000000001010010	0	0000000000111110	0000000000111110	0000000000111110	000	00000	00000000000	10	00	00	0000000001010000	00	0	0000000	000	000010000000010	00000	00000000	0000000000111110	000	10	00000	0	0000000000111110	0000000001001110	0000000	
1	0	0000000001010010	0000000000000000	0000000001010010	0	0000000000111110	0000000000111110	0000000000111110	000	00000	00000000000	10	00	00	0000000001010000	00	0	0000000	000	000010000000010	00000	00000000	0000000000111110	000	10	00000	0	0000000000111110	0000000001001110	0000000	
1	1	0000000001010010	0000000000000000	0000000001010010	0	0000000000111110	0000000000111110	0000000000111110	000	00000	00000000000	10	00	00	0000000001010000	00	0	0000000	000	000010000000010	00000	00000000	0000000000111110	000	10	00000	0	0000000000111110	0000000001001110	0000000	
0	0	0000000001010010	0000000000000000	0000000001010010	0	0000000000111110	0000000000111110	0000000000111110	000	00000	00000000000	10	00	00	0000000001010000	00	0	0000000	000	000010000000010	00000	00000000	0000000000111110	000	10	00000	0	0000000000111110	0000000001001110	0000000	
0	1	0000000001010010	0000000000000000	0000000001010010	0	0000000000111110	0000000000111110	0000000000111110	000	00000	00000000000	10	00	00	0000000001010000	00	0	0000000	000	000010000000010	00000	00000000	0000000000111110	000	10	00000	0	0000000000111110	0000000001001110	0000000	
0	0	0000000001010010	0000000000000000	0000000001010010	0	0000000000111110	0000000000111110	0000000000111110	000	00000	00000000000	10	00	00	0000000001010000	00	0	0000000	000	000010000000010	00000	00000000	0000000000111110	000	10	00000	0	0000000000111110	0000000001001110	0000000	
0	1	0000000001010010	0000000000000000	0000000001010010	0	0000000000111110	0000000000111110	0000000000111110	000	00000	00000000000	10	00	00	0000000001010000	00	0	0000000	000	000010000000010	00000	00000000	0000000000111110	000	10	00000	0	0000000000111110	0000000001001110	0000000	
1	0	0000000001010100	0000000000000000	0000000001010100	0	0000000000111110	0000000000111110	0000000000111110	000	00000	00000000000	10	00	00	0000000001010010	00	0	0000000	000	000010000000010	00000	00000000	0000000000111110	000	10	00000	0	0000000000111110	0000000001010000	0000000	
1	1	0000000001010100	0000000000000000	0000000001010100	0	0000000000111110	0000000000111110	0000000000111110	000	00000	00000000000	10	00	00	0000000001010010	00	0	0000000	000	000010000000010	00000	00000000	0000000000111110	000	10	00000	0	0000000000111110	0000000001010000	0000000	
1	0	0000000001010100	0000000000000000	0000000001010100	0	0000000000111110	0000000000111110	0000000000111110	000	00000	00000000000	10	00	00	0000000001010010	00	0	0000000	000	000010000000010	00000	00000000	0000000000111110	000	10	00000	0	0000000000111110	0000000001010000	0000000	
1	1	0000000001010100	0000000000000000	0000000001010100	0	0000000000111110	0000000000111110	0000000000111110	000	00000	00000000000	10	00	00	0000000001010010	00	0	0000000	000	000010000000010	00000	00000000	0000000000111110	000	10	00000	0	0000000000111110	0000000001010000	0000000	
0	0	0000000001010100	0000000000000000	0000000001010100	0	0000000000111110	0000000000111110	0000000000111110	000	00000	00000000000	10	00	00	0000000001010010	00	0	0000000	000	000010000000010	00000	00000000	0000000000111110	000	10	00000	0	0000000000111110	0000000001010000	0000000	
